Real axels biases:
Ax: 0.060792
Ay: -0.194054
Az: 0.487413

Real axels scale obj.axels_calibration_results_filectors:
Ax: 1.250217
Ay: 1.270332
Az: 1.309945

